331 202.01 87.8868
1
329 231.009 81.3909
1
262 186.024 61.6533
1
301 201.01 75.1505
1
277 200.04 67.2066
1
281 193.065 68.9561
1
281 191.167 67.2186
1
287 197.041 68.4427
1
268 193.023 61.9821
1
286 196 71
1
314 200.16 79.4964
1
280 188.13 71.5674
1
266 189.13 62.2536
1
293 189.003 76.5809
1
307 188.043 85.0659
1
305 191.128 84.4512
1
294 202.01 74.135
1
285 190.042 71.0264
1
287 200.01 69.2765
1
267 184.391 63.9511
1
291 204.088 73.2624
1
266 203.246 58.6776
1
303 204.061 69.8222
1
279 196.092 67.3358
1
287 200 65
1
293 197.091 69.0796
1
291 200.062 71.0278
1
267 190.011 62.2492
1
278 198.363 66.5748
1
301 198.003 70.6557
1
293 191.024 71.6247
1
307 227 72
1
283 209.06 69.1859
1
288 208.01 67.1988
1
295 195.003 77.5887
1
291 206.022 69.5946
1
301 219.659 71.1968
1
298 192.094 79.4612
1
307 199.023 81.5284
1
306 219.112 72.5976
1
303 226.055 65.3911
1
295 193.003 76.4808
1
330 213 88
1
320 191.588 79.2534
1
305 196.431 76.1999
1
286 191.003 72.4493
1
321 212.191 81.6199
1
286 201.062 67.0191
1
356 224.183 89.2218
1
321 209.086 82.808
1
340 212.361 90.1109
1
315 221.274 79.9282
1
330 216.058 87.4534
1
323 211 81
1
311 208 76
1
286 221.416 59.6841
1
334 228.633 84.6379
1
310 215.084 74.6779
1
346 225.978 94.642
1
308 212.085 73.0179
1
316 205.548 80.7354
1
315 230.009 73.2755
1
329 239.019 76.5002
1
319 232.002 72.5036
1
309 204.01 75.4179
1
314 215 80
1
289 210.238 69.6829
1
324 217.451 82.699
1
331 208.038 87.6184
1
297 200.01 77.3061
1
287 188.066 78.5254
1
272 181.177 71.0577
1
313 205.623 83.8912
1
282 210.152 64.439
1
307 213.284 77.1788
1
317 198.305 83.3714
1
309 207.118 80.9248
1
305 210.06 75.9309
1
290 220.111 66.2937
1
308 191.065 82.2231
1
321 217.279 82.484
1
310 213.19 79.8865
1
278 178.34 72.9059
1
327 230.139 79.578
1
318 213.038 84.8066
1
288 192.211 69.9232
1
320 199.063 90.9361
1
294 220.111 63.6451
1
290 190.066 76.5524
1
321 208.038 84.9843
1
328 219.228 84.6242
1
323 229.107 74.4587
1
318 234.214 69.7312
1
284 193 74
1
334 216.113 88.2315
1
309 199.09 81.0637
1
303 222.812 65.9661
1
309 206.903 79.7039
1
307 194.041 80.5602
1
313 226.08 73.0893
1
327 235.002 76.6759
1
318 222.225 79.082
1
294 220.036 66.2618
1
276 203.062 65.3299
1
330 237.076 73.9257
1
282 217.021 64.1229
1
344 239.075 81.8152
1
348 235.257 87.8315
1
325 232.175 77.5667
1
350 230.106 87.4334
1
329 245.345 72.6977
1
319 225.269 78.8747
1
305 221.226 70.489
1
301 219.185 65.917
1
312 226.566 71.0169
1
318 224.181 79.0835
1
292 191 73
1
306 219.112 72.5018
1
313 210.021 77.9349
1
310 215.455 76.2153
1
320 213.46 82.3528
1
311 228.316 71.7954
1
326 230.176 79.5739
1
298 219 69
1
305 212.116 80.3147
1
290 220.184 63.5923
1
317 226.318 76.1229
1
341 238.21 79.8119
1
300 217.279 74.0524
1
335 226.035 83.4471
1
317 228.178 76.5851
1
575 306.624 144.027
2
601 314.56 158.971
2
672 397.045 171.001
2
672 359.168 180.155
2
566 322.051 151.088
2
679 412.317 138.675
2
674 343.328 186.038
2
576 298.007 168.124
2
690 412.167 159.278
2
641 391.931 149.276
2
596 352.931 143.178
2
704 361.168 189.513
2
657 305.277 180.42
2
681 326.392 192.241
2
657 405.765 143.172
2
667 349.738 173.584
2
620 437.005 128.681
2
725 404.045 190.108
2
620 295.183 181.477
2
624 401.001 144.331
2
589 340.812 136.09
2
736 418.12 190.854
2
603 386.083 146.461
2
666 327.391 184.696
2
598 420.634 129.837
2
631 412.869 154.073
2
593 399.801 144.777
2
663 384.158 170.084
2
688 316.509 190.216
2
658 369.688 160.057
2
725 345.398 181.877
2
671 339.7 188.837
2
650 352.319 180.416
2
641 306.08 183.436
2
678 327.054 189.559
2
665 344.942 182.744
2
586 368.897 108.526
2
602 328.758 156.087
2
568 306.323 148.745
2
573 312.464 151.304
2
538 362.73 126.075
2
600 301.231 164.366
2
592 310.459 162.427
2
523 382.158 106.99
2
583 312.247 162.922
2
541 361.509 127.034
2
616 334.32 164.085
2
607 331.423 149.944
2
563 359.05 129.737
2
574 354.013 139.122
2
481 328.44 115.025
2
572 306.94 144.282
2
572 322.692 146.601
2
611 369.899 138.484
2
674 349.125 182.72
2
585 391.369 137.392
2
574 402.124 128.542
2
621 367.545 150.969
2
593 415.752 131.136
2
605 326.198 176.059
2
598 408.005 133.454
2
610 408.24 139.663
2
634 316.83 183.048
2
680 344.217 178.126
2
587 365.761 123.272
2
674 346.134 185.538
2
640 339.242 181.319
2
608 384.001 147.697
2
607 376.133 144.433
2
567 361 131
2
509 399.501 83.1362
2
633 423.341 147.099
2
615 397.135 139.358
2
628 303.402 181.973
2
590 350.374 130.015
2
634 337.131 155.228
2
655 344.819 182.142
2
655 337.131 180.467
2
657 331.242 175.754
2
619 325.576 160.454
2
593 308.255 169.172
2
623 314.072 169.808
2
606 335.233 137.806
2
598 374.19 120.313
2
634 349.748 149.387
2
623 369.157 133.561
2
601 320.744 157.752
2
660 322.87 178.998
2
602 306.276 167.94
2
526 391.369 102.686
2
622 332.268 149.677
2
562 414.162 118.958
2
625 354.018 147.23
2
582 348.006 135.498
2
588 374.931 128.624
2
654 359.44 160.903
2
498 384.021 96.4219
2
651 322.591 173.504
2
669 317.956 181.931
2
574 400.151 131.965
2
570 367.267 126.524
2
530 399.02 114.328
2
564 381.257 127.397
2
658 307.878 180.474
2
627 334.389 160.753
2
582 386.943 135.022
2
575 348.501 126.304
2
591 390.756 126.511
2
644 334.97 166.555
2
620 315.626 169.466
2
631 435.259 147.188
2
725 411.254 188.976
2
710 366.853 198.614
2
681 379.104 174.158
2
634 438.503 149.732
2
710 388.361 170.203
2
601 342.286 150.716
2
663 340.476 183.39
2
696 436.225 152.055
2
697 354.731 192.053
2
594 429.019 107.732
2
607 436.414 129.386
2
618 390.063 149.578
2
618 406.444 148.456
2
667 407.107 161.953
2
636 456.324 127.278
2
297 219.037 71.5954
3
302 217.058 78.8685
3
367 276.523 77.6174
3
416 239.075 111.827
3
391 220.656 112.932
3
404 281.86 96.6757
3
366 289.016 76.0616
3
406 257.124 107.24
3
460 281.064 116.924
3
470 259.031 118.704
3
445 294.027 106.793
3
343 218.673 87.2855
3
437 246.051 124.409
3
414 272.002 105.488
3
374 283.002 80.6461
3
467 286.016 108.917
3
408 299.428 89.5909
3
421 288.25 90.7546
3
380 266.993 90.6542
3
428 296.061 97.9529
3
414 273.007 97.5798
3
439 304.133 99.5584
3
330 225.869 81.9677
3
457 264.093 119.822
3
427 275.089 103.777
3
367 264.153 85.0415
3
384 261.192 87.411
3
332 262.292 73.1056
3
441 280.007 104.604
3
448 267.03 111.879
3
369 306.367 77.8869
3
369 279.145 82.4732
3
444 297.007 107.439
3
340 226.173 88.1053
3
397 248.453 103.649
3
450 271.002 115.353
3
434 266.047 107.654
3
296 235.136 64.1033
3
435 248.202 125.011
3
398 268.226 95.0878
3
366 296.488 78.0707
3
368 270.474 84.4666
3
371 277.007 85.4635
3
411 290.991 95.3018
3
356 215.856 97.1433
3
386 273.529 90.8424
3
402 266.12 103.487
3
396 260.069 100.127
3
391 252.097 100.794
3
415 257.008 103.39
3
412 262.069 100.844
3
406 268.03 103.675
3
374 282.177 82.8982
3
408 271.002 94.6857
3
381 280.578 89.9643
3
308 222.144 74.6272
3
384 269.007 94.7483
3
357 274.182 80.4428
3
455 290.007 116.28
3
390 257.329 99.9656
3
362 275.029 82.7694
3
444 276.045 111.942
3
393 264.008 101.346
3
381 279.002 85.6769
3
368 273.183 82.2452
3
409 269.067 98.9679
3
315 226.055 75.017
3
373 273.593 87.8093
3
363 277.088 79.397
3
419 261.002 106.425
3
371 279.403 83.2024
3
395 273.029 95.5538
3
392 269.602 97.1619
3
398 266.002 103.45
3
411 267.002 103.419
3
372 283.177 84.3784
3
403 273.002 98.688
3
417 288.175 96.181
3
376 283 82
3
440 309.467 101.949
3
380 290.209 88.7879
3
368 217.348 102.38
3
436 303.015 103.104
3
390 296.971 86.446
3
433 295.027 107.878
3
414 296.137 98.4613
3
375 284.297 85.0201
3
387 290.498 87.2778
3
464 304.593 109.848
3
401 299.202 91.627
3
411 278.18 99.77
3
422 296.488 100.24
3
326 216.453 86.2912
3
414 297.431 93.2553
3
386 302.478 83.0837
3
423 296.061 97.2976
3
428 286.295 97.4448
3
389 303.659 78.6902
3
420 296.422 100.323
3
402 313.23 84.8322
3
440 299.428 108.51
3
418 285.212 95.6095
3
456 281.028 127.364
3
350 211.443 85.016
3
406 294.333 86.5686
3
407 289.111 97.9175
3
422 289.762 97.3661
3
418 278.115 96.6219
3
410 292.617 95.876
3
389 300.481 79.376
3
428 295.434 96.8983
3
413 287.002 105.386
3
426 294 93
3
398 304.164 83.994
3
354 235.325 94.5032
3
405 305.477 92.5308
3
435 289.016 97.9255
3
414 317.456 86.1034
3
487 361.001 102.714
3
461 329.097 102
3
475 348.174 100.884
3
462 344.093 99.6475
3
469 342.118 102.201
3
454 312 104
3
480 342.001 101.725
3
347 218.742 89.8868
3
553 340.072 139.153
3
497 331.014 113.902
3
467 320.1 109.866
3
472 290.658 115.813
3
457 336.054 96.4489
3
433 364.111 80.2447
3
464 373 86
3
426 350.143 75.9976
3
444 359.089 86.1068
3
439 355.069 85.3862
3
327 220.204 84.6713
3
498 298.015 121.158
3
404 257.381 108.046
3
426 270.74 98.7295
3
406 234.002 117.516
3
465 266.481 124.94
3
389 288.087 88.7823
3
415 257.194 105.807
3
391 239.169 102.162
3
395 277.088 92.0392
3
441 272.09 108.493
3
337 220.336 91.3513
3
446 263.068 116.643
3
439 300.375 103.471
3
420 231.078 116.727
3
406 266.068 107.168
3
423 246.002 118.658
3
428 261.008 113.315
3
428 231.035 119.822
3
384 272.413 86.9121
3
390 262.011 98.5949
3
448 258.008 117.237
3
334 230.957 91.108
3
425 306.132 99.457
3
419 284.063 102.935
3
449 259.557 115.185
3
416 272.663 101.954
3
413 237.034 111.735
3
387 285.848 79.056
3
389 285.175 82.5282
3
375 255.331 96.7645
3
441 244.018 122.208
3
439 255.783 115.547
3
